0    0  -11    0   55    0  -77    0   44    0  -11    0    1   |  0.000  -5.000  -1.400  -0.571  -0.250  -0.091
0    0  -14    0   59    0  -78    0   44    0  -11    0    1   |  0.000  -4.214  -1.322  -0.564  -0.250  -0.091
0    0  -15    0   59    0  -78    0   44    0  -11    0    1   |  0.000  -3.933  -1.322  -0.564  -0.250  -0.091
1    0  -15    0   59    0  -78    0   44    0  -11    0    1   |-15.000  -3.933  -1.322  -0.564  -0.250  -0.091
1    0  -17    0   60    0  -78    0   44    0  -11    0    1   |-17.000  -3.529  -1.300  -0.564  -0.250  -0.091
1    0  -21    0   70    0  -84    0   45    0  -11    0    1   |-21.000  -3.333  -1.200  -0.536  -0.244  -0.091
0    0    0    0    0    0    0    0    0    0  -11    0    1   |  0.000   0.000   0.000   0.000   0.000  -0.091
0    0    0    0    0    0    0    0    9    0  -11    0    1   |  0.000   0.000   0.000   0.000  -1.222  -0.091
0    0    0    0    0    0    0    0   16    0  -11    0    1   |  0.000   0.000   0.000   0.000  -0.688  -0.091
0    0    0    0    0    0    0    0   21    0  -11    0    1   |  0.000   0.000   0.000   0.000  -0.524  -0.091
0    0    0    0    0    0    0    0   24    0  -11    0    1   |  0.000   0.000   0.000   0.000  -0.458  -0.091
0    0    0    0    0    0    0    0   25    0  -11    0    1   |  0.000   0.000   0.000   0.000  -0.440  -0.091
0    0    0    0    0    0    0    0   17    0  -11    0    1   |  0.000   0.000   0.000   0.000  -0.647  -0.091
0    0    0    0    0    0    0    0   23    0  -11    0    1   |  0.000   0.000   0.000   0.000  -0.478  -0.091
0    0    0    0    0    0    0    0   27    0  -11    0    1   |  0.000   0.000   0.000   0.000  -0.407  -0.091
0    0    0    0    0    0    0    0   29    0  -11    0    1   |  0.000   0.000   0.000   0.000  -0.379  -0.091
0    0    0    0    0    0   -7    0   17    0  -11    0    1   |  0.000   0.000   0.000  -2.429  -0.647  -0.091
0    0    0    0    0    0   -7    0   23    0  -11    0    1   |  0.000   0.000   0.000  -3.286  -0.478  -0.091
0    0    0    0    0    0  -12    0   23    0  -11    0    1   |  0.000   0.000   0.000  -1.917  -0.478  -0.091
0    0    0    0    0    0  -12    0   28    0  -11    0    1   |  0.000   0.000   0.000  -2.333  -0.393  -0.091
0    0    0    0    0    0  -12    0   27    0  -11    0    1   |  0.000   0.000   0.000  -2.250  -0.407  -0.091
0    0    0    0    0    0  -15    0   27    0  -11    0    1   |  0.000   0.000   0.000  -1.800  -0.407  -0.091
0    0    0    0    0    0  -15    0   31    0  -11    0    1   |  0.000   0.000   0.000  -2.067  -0.355  -0.091
0    0    0    0    0    0  -15    0   29    0  -11    0    1   |  0.000   0.000   0.000  -1.933  -0.379  -0.091
0    0    0    0    0    0  -16    0   29    0  -11    0    1   |  0.000   0.000   0.000  -1.813  -0.379  -0.091
0    0    0    0    0    0  -16    0   32    0  -11    0    1   |  0.000   0.000   0.000  -2.000  -0.344  -0.091
0    0    0    0    0    0  -19    0   29    0  -11    0    1   |  0.000   0.000   0.000  -1.526  -0.379  -0.091
0    0    0    0    0    0  -20    0   28    0  -11    0    1   |  0.000   0.000   0.000  -1.400  -0.393  -0.091
0    0    0    0    0    0  -27    0   33    0  -11    0    1   |  0.000   0.000   0.000  -1.222  -0.333  -0.091
0    0    0    0    0    0  -24    0   31    0  -11    0    1   |  0.000   0.000   0.000  -1.292  -0.355  -0.091
0    0    0    0    0    0  -20    0   31    0  -11    0    1   |  0.000   0.000   0.000  -1.550  -0.355  -0.091
0    0    0    0    0    0  -31    0   35    0  -11    0    1   |  0.000   0.000   0.000  -1.129  -0.314  -0.091
0    0    0    0    0    0  -24    0   33    0  -11    0    1   |  0.000   0.000   0.000  -1.375  -0.333  -0.091
0    0    0    0    0    0  -24    0   32    0  -11    0    1   |  0.000   0.000   0.000  -1.333  -0.344  -0.091
0    0    0    0    0    0  -36    0   36    0  -11    0    1   |  0.000   0.000   0.000  -1.000  -0.306  -0.091
0    0    0    0    0    0  -27    0   33    0  -11    0    1   |  0.000   0.000   0.000  -1.222  -0.333  -0.091
0    0    0    0    0    0  -39    0   37    0  -11    0    1   |  0.000   0.000   0.000  -0.949  -0.297  -0.091
0    0    0    0    5    0  -19    0   24    0  -11    0    1   |  0.000   0.000  -3.800  -1.263  -0.458  -0.091
0    0    0    0    8    0  -27    0   29    0  -11    0    1   |  0.000   0.000  -3.375  -1.074  -0.379  -0.091
0    0    0    0    5    0  -27    0   32    0  -11    0    1   |  0.000   0.000  -5.400  -1.185  -0.344  -0.091
0    0    0    0    9    0  -31    0   32    0  -11    0    1   |  0.000   0.000  -3.444  -1.032  -0.344  -0.091
0    0    0    0    8    0  -31    0   33    0  -11    0    1   |  0.000   0.000  -3.875  -1.065  -0.333  -0.091
0    0    0    0   12    0  -36    0   33    0  -11    0    1   |  0.000   0.000  -3.000  -0.917  -0.333  -0.091
0    0    0    0   12    0  -39    0   35    0  -11    0    1   |  0.000   0.000  -3.250  -0.897  -0.314  -0.091
0    0    0    0    8    0  -36    0   35    0  -11    0    1   |  0.000   0.000  -4.500  -0.972  -0.314  -0.091
0    0    0    0    9    0  -39    0   36    0  -11    0    1   |  0.000   0.000  -4.333  -0.923  -0.306  -0.091
0    0    0    0   16    0  -44    0   36    0  -11    0    1   |  0.000   0.000  -2.750  -0.818  -0.306  -0.091
0    0    0    0   12    0  -44    0   37    0  -11    0    1   |  0.000   0.000  -3.667  -0.841  -0.297  -0.091
0    0   -3    0   17    0  -34    0   30    0  -11    0    1   |  0.000  -5.667  -2.000  -0.882  -0.367  -0.091
0    0   -4    0   23    0  -43    0   34    0  -11    0    1   |  0.000  -5.750  -1.870  -0.791  -0.324  -0.091
0    0    0    0   17    0  -43    0   36    0  -11    0    1   |  0.000   0.000  -2.529  -0.837  -0.306  -0.091
0    0   -3    0   23    0  -46    0   36    0  -11    0    1   |  0.000  -7.667  -2.000  -0.783  -0.306  -0.091
0    0   -4    0   28    0  -51    0   37    0  -11    0    1   |  0.000  -7.000  -1.821  -0.725  -0.297  -0.091
0    0    0    0   23    0  -51    0   38    0  -11    0    1   |  0.000   0.000  -2.217  -0.745  -0.289  -0.091
0    0    0    0   28    0  -56    0   39    0  -11    0    1   |  0.000   0.000  -2.000  -0.696  -0.282  -0.091
1    0  -11    0   35    0  -50    0   35    0  -11    0    1   |-11.000  -3.182  -1.429  -0.700  -0.314  -0.091
0    0  -11    0   41    0  -58    0   38    0  -11    0    1   |  0.000  -3.727  -1.415  -0.655  -0.289  -0.091
0    0    0    0    0    0   -7    0   24    0  -11    0    1   |  0.000   0.000   0.000  -3.429  -0.458  -0.091
0    0    0    0    0    0  -13    0   24    0  -11    0    1   |  0.000   0.000   0.000  -1.846  -0.458  -0.091
0    0    0    0    0    0  -13    0   29    0  -11    0    1   |  0.000   0.000   0.000  -2.231  -0.379  -0.091
0    0    0    0    0    0  -12    0   29    0  -11    0    1   |  0.000   0.000   0.000  -2.417  -0.379  -0.091
0    0    0    0    0    0  -17    0   29    0  -11    0    1   |  0.000   0.000   0.000  -1.706  -0.379  -0.091
0    0    0    0    0    0  -17    0   32    0  -11    0    1   |  0.000   0.000   0.000  -1.882  -0.344  -0.091
0    0    0    0    0    0  -15    0   32    0  -11    0    1   |  0.000   0.000   0.000  -2.133  -0.344  -0.091
0    0    0    0    0    0  -19    0   32    0  -11    0    1   |  0.000   0.000   0.000  -1.684  -0.344  -0.091
0    0    0    0    0    0  -16    0   33    0  -11    0    1   |  0.000   0.000   0.000  -2.063  -0.333  -0.091
0    0    0    0    0    0  -19    0   33    0  -11    0    1   |  0.000   0.000   0.000  -1.737  -0.333  -0.091
0    0    0    0    0    0  -18    0   29    0  -11    0    1   |  0.000   0.000   0.000  -1.611  -0.379  -0.091
0    0    0    0    0    0  -22    0   29    0  -11    0    1   |  0.000   0.000   0.000  -1.318  -0.379  -0.091
0    0    0    0    0    0  -25    0   33    0  -11    0    1   |  0.000   0.000   0.000  -1.320  -0.333  -0.091
0    0    0    0    0    0  -25    0   32    0  -11    0    1   |  0.000   0.000   0.000  -1.280  -0.344  -0.091
0    0    0    0    0    0  -28    0   33    0  -11    0    1   |  0.000   0.000   0.000  -1.179  -0.333  -0.091
0    0    0    0    0    0  -27    0   32    0  -11    0    1   |  0.000   0.000   0.000  -1.185  -0.344  -0.091
0    0    0    0    0    0  -22    0   33    0  -11    0    1   |  0.000   0.000   0.000  -1.500  -0.333  -0.091
0    0    0    0    0    0  -28    0   35    0  -11    0    1   |  0.000   0.000   0.000  -1.250  -0.314  -0.091
0    0    0    0    0    0  -30    0   35    0  -11    0    1   |  0.000   0.000   0.000  -1.167  -0.314  -0.091
0    0    0    0    0    0  -28    0   33    0  -11    0    1   |  0.000   0.000   0.000  -1.179  -0.333  -0.091
0    0    0    0    0    0  -27    0   35    0  -11    0    1   |  0.000   0.000   0.000  -1.296  -0.314  -0.091
0    0    0    0    0    0  -28    0   35    0  -11    0    1   |  0.000   0.000   0.000  -1.250  -0.314  -0.091
0    0    0    0    0    0  -32    0   35    0  -11    0    1   |  0.000   0.000   0.000  -1.094  -0.314  -0.091
0    0    0    0    0    0  -33    0   35    0  -11    0    1   |  0.000   0.000   0.000  -1.061  -0.314  -0.091
0    0    0    0    0    0  -33    0   36    0  -11    0    1   |  0.000   0.000   0.000  -1.091  -0.306  -0.091
0    0    0    0    5    0  -23    0   29    0  -11    0    1   |  0.000   0.000  -4.600  -1.261  -0.379  -0.091
0    0    0    0    9    0  -29    0   30    0  -11    0    1   |  0.000   0.000  -3.222  -1.034  -0.367  -0.091
0    0    0    0    5    0  -27    0   33    0  -11    0    1   |  0.000   0.000  -5.400  -1.222  -0.333  -0.091
0    0    0    0    5    0  -29    0   34    0  -11    0    1   |  0.000   0.000  -5.800  -1.172  -0.324  -0.091
0    0    0    0    8    0  -30    0   33    0  -11    0    1   |  0.000   0.000  -3.750  -1.100  -0.333  -0.091
0    0    0    0    8    0  -29    0   32    0  -11    0    1   |  0.000   0.000  -3.625  -1.103  -0.344  -0.091
0    0    0    0   11    0  -35    0   34    0  -11    0    1   |  0.000   0.000  -3.182  -0.971  -0.324  -0.091
0    0    0    0    8    0  -32    0   35    0  -11    0    1   |  0.000   0.000  -4.000  -1.094  -0.314  -0.091
0    0    0    0    9    0  -35    0   36    0  -11    0    1   |  0.000   0.000  -3.889  -1.029  -0.306  -0.091
0    0    0    0    9    0  -33    0   35    0  -11    0    1   |  0.000   0.000  -3.667  -1.061  -0.314  -0.091
0    0    0    0    9    0  -31    0   33    0  -11    0    1   |  0.000   0.000  -3.444  -1.065  -0.333  -0.091
0    0    0    0   11    0  -37    0   36    0  -11    0    1   |  0.000   0.000  -3.364  -0.973  -0.306  -0.091
0    0    0    0    5    0  -33    0   34    0  -11    0    1   |  0.000   0.000  -6.600  -1.030  -0.324  -0.091
0    0    0    0    8    0  -33    0   33    0  -11    0    1   |  0.000   0.000  -4.125  -1.000  -0.333  -0.091
0    0    0    0    8    0  -42    0   37    0  -11    0    1   |  0.000   0.000  -5.250  -0.881  -0.297  -0.091
0    0    0    0    8    0  -41    0   37    0  -11    0    1   |  0.000   0.000  -5.125  -0.902  -0.297  -0.091
0    0    0    0    9    0  -37    0   35    0  -11    0    1   |  0.000   0.000  -4.111  -0.946  -0.314  -0.091
0    0    0    0    9    0  -43    0   38    0  -11    0    1   |  0.000   0.000  -4.778  -0.884  -0.289  -0.091
0    0    0    0    9    0  -39    0   37    0  -11    0    1   |  0.000   0.000  -4.333  -0.949  -0.297  -0.091
0    0    0    0    9    0  -45    0   38    0  -11    0    1   |  0.000   0.000  -5.000  -0.844  -0.289  -0.091
0    0    0    0   13    0  -37    0   34    0  -11    0    1   |  0.000   0.000  -2.846  -0.919  -0.324  -0.091
0    0    0    0   14    0  -39    0   34    0  -11    0    1   |  0.000   0.000  -2.786  -0.872  -0.324  -0.091
0    0    0    0   13    0  -43    0   37    0  -11    0    1   |  0.000   0.000  -3.308  -0.860  -0.297  -0.091
0    0    0    0   12    0  -41    0   36    0  -11    0    1   |  0.000   0.000  -3.417  -0.878  -0.306  -0.091
0    0    0    0   12    0  -40    0   36    0  -11    0    1   |  0.000   0.000  -3.333  -0.900  -0.306  -0.091
0    0    0    0   12    0  -38    0   35    0  -11    0    1   |  0.000   0.000  -3.167  -0.921  -0.314  -0.091
0    0    0    0   17    0  -45    0   37    0  -11    0    1   |  0.000   0.000  -2.647  -0.822  -0.297  -0.091
0    0    0    0   16    0  -45    0   37    0  -11    0    1   |  0.000   0.000  -2.813  -0.822  -0.297  -0.091
0    0    0    0   15    0  -43    0   36    0  -11    0    1   |  0.000   0.000  -2.867  -0.837  -0.306  -0.091
0    0    0    0    8    0  -36    0   36    0  -11    0    1   |  0.000   0.000  -4.500  -1.000  -0.306  -0.091
0    0    0    0    8    0  -39    0   37    0  -11    0    1   |  0.000   0.000  -4.875  -0.949  -0.297  -0.091
0    0    0    0    8    0  -35    0   35    0  -11    0    1   |  0.000   0.000  -4.375  -1.000  -0.314  -0.091
0    0    0    0   12    0  -37    0   35    0  -11    0    1   |  0.000   0.000  -3.083  -0.946  -0.314  -0.091
0    0    0    0   17    0  -47    0   38    0  -11    0    1   |  0.000   0.000  -2.765  -0.809  -0.289  -0.091
0    0    0    0   14    0  -45    0   38    0  -11    0    1   |  0.000   0.000  -3.214  -0.844  -0.289  -0.091
0    0    0    0   12    0  -41    0   37    0  -11    0    1   |  0.000   0.000  -3.417  -0.902  -0.297  -0.091
0    0    0    0   12    0  -48    0   39    0  -11    0    1   |  0.000   0.000  -4.000  -0.813  -0.282  -0.091
0    0    0    0   12    0  -42    0   37    0  -11    0    1   |  0.000   0.000  -3.500  -0.881  -0.297  -0.091
0    0    0    0   12    0  -49    0   39    0  -11    0    1   |  0.000   0.000  -4.083  -0.796  -0.282  -0.091
0    0    0    0   17    0  -51    0   39    0  -11    0    1   |  0.000   0.000  -3.000  -0.765  -0.282  -0.091
0    0    0    0   12    0  -39    0   36    0  -11    0    1   |  0.000   0.000  -3.250  -0.923  -0.306  -0.091
0    0    0    0   20    0  -52    0   39    0  -11    0    1   |  0.000   0.000  -2.600  -0.750  -0.282  -0.091
0    0    0    0   15    0  -47    0   38    0  -11    0    1   |  0.000   0.000  -3.133  -0.809  -0.289  -0.091
0    0    0    0   20    0  -47    0   37    0  -11    0    1   |  0.000   0.000  -2.350  -0.787  -0.297  -0.091
0    0    0    0   20    0  -48    0   37    0  -11    0    1   |  0.000   0.000  -2.400  -0.771  -0.297  -0.091
0    0    0    0   24    0  -53    0   39    0  -11    0    1   |  0.000   0.000  -2.208  -0.736  -0.282  -0.091
0    0    0    0   20    0  -52    0   39    0  -11    0    1   |  0.000   0.000  -2.600  -0.750  -0.282  -0.091
0    0    0    0   18    0  -49    0   38    0  -11    0    1   |  0.000   0.000  -2.722  -0.776  -0.289  -0.091
0    0    0    0   20    0  -51    0   39    0  -11    0    1   |  0.000   0.000  -2.550  -0.765  -0.282  -0.091
0    0    0    0   16    0  -44    0   37    0  -11    0    1   |  0.000   0.000  -2.750  -0.841  -0.297  -0.091
0    0   -3    0   19    0  -40    0   34    0  -11    0    1   |  0.000  -6.333  -2.105  -0.850  -0.324  -0.091
0    0   -5    0   26    0  -46    0   35    0  -11    0    1   |  0.000  -5.200  -1.769  -0.761  -0.314  -0.091
0    0    0    0   16    0  -43    0   37    0  -11    0    1   |  0.000   0.000  -2.688  -0.860  -0.297  -0.091
0    0   -3    0   21    0  -44    0   36    0  -11    0    1   |  0.000  -7.000  -2.095  -0.818  -0.306  -0.091
0    0   -4    0   24    0  -47    0   37    0  -11    0    1   |  0.000  -6.000  -1.958  -0.787  -0.297  -0.091
0    0   -4    0   23    0  -45    0   36    0  -11    0    1   |  0.000  -5.750  -1.957  -0.800  -0.306  -0.091
0    0   -5    0   29    0  -52    0   38    0  -11    0    1   |  0.000  -5.800  -1.793  -0.731  -0.289  -0.091
0    0   -3    0   23    0  -48    0   38    0  -11    0    1   |  0.000  -7.667  -2.087  -0.792  -0.289  -0.091
0    0   -3    0   26    0  -52    0   39    0  -11    0    1   |  0.000  -8.667  -2.000  -0.750  -0.282  -0.091
0    0   -4    0   25    0  -49    0   37    0  -11    0    1   |  0.000  -6.250  -1.960  -0.755  -0.297  -0.091
0    0   -3    0   23    0  -50    0   38    0  -11    0    1   |  0.000  -7.667  -2.174  -0.760  -0.289  -0.091
0    0   -7    0   33    0  -54    0   38    0  -11    0    1   |  0.000  -4.714  -1.636  -0.704  -0.289  -0.091
0    0   -6    0   33    0  -55    0   38    0  -11    0    1   |  0.000  -5.500  -1.667  -0.691  -0.289  -0.091
0    0   -3    0   31    0  -58    0   40    0  -11    0    1   |  0.000 -10.333  -1.871  -0.690  -0.275  -0.091
0    0   -4    0   28    0  -54    0   39    0  -11    0    1   |  0.000  -7.000  -1.929  -0.722  -0.282  -0.091
0    0   -7    0   37    0  -60    0   40    0  -11    0    1   |  0.000  -5.286  -1.622  -0.667  -0.275  -0.091
0    0   -4    0   33    0  -59    0   40    0  -11    0    1   |  0.000  -8.250  -1.788  -0.678  -0.275  -0.091
0    0   -3    0   30    0  -56    0   39    0  -11    0    1   |  0.000 -10.000  -1.867  -0.696  -0.282  -0.091
0    0    0    0   21    0  -51    0   39    0  -11    0    1   |  0.000   0.000  -2.429  -0.765  -0.282  -0.091
0    0    0    0   21    0  -49    0   38    0  -11    0    1   |  0.000   0.000  -2.333  -0.776  -0.289  -0.091
0    0   -4    0   26    0  -51    0   38    0  -11    0    1   |  0.000  -6.500  -1.962  -0.745  -0.289  -0.091
0    0   -4    0   27    0  -51    0   38    0  -11    0    1   |  0.000  -6.750  -1.889  -0.745  -0.289  -0.091
0    0   -4    0   28    0  -55    0   39    0  -11    0    1   |  0.000  -7.000  -1.964  -0.709  -0.282  -0.091
0    0   -8    0   39    0  -61    0   40    0  -11    0    1   |  0.000  -4.875  -1.564  -0.656  -0.275  -0.091
0    0   -4    0   36    0  -61    0   40    0  -11    0    1   |  0.000  -9.000  -1.694  -0.656  -0.275  -0.091
0    0    0    0   24    0  -56    0   40    0  -11    0    1   |  0.000   0.000  -2.333  -0.714  -0.275  -0.091
0    0   -4    0   37    0  -63    0   41    0  -11    0    1   |  0.000  -9.250  -1.703  -0.651  -0.268  -0.091
0    0   -4    0   36    0  -63    0   41    0  -11    0    1   |  0.000  -9.000  -1.750  -0.651  -0.268  -0.091
1    0  -11    0   38    0  -56    0   38    0  -11    0    1   |-11.000  -3.455  -1.474  -0.679  -0.289  -0.091
1    0  -15    0   47    0  -62    0   39    0  -11    0    1   |-15.000  -3.133  -1.319  -0.629  -0.282  -0.091
1    0  -11    0   39    0  -58    0   39    0  -11    0    1   |-11.000  -3.545  -1.487  -0.672  -0.282  -0.091
0    0  -10    0   41    0  -61    0   40    0  -11    0    1   |  0.000  -4.100  -1.488  -0.656  -0.275  -0.091
0    0   -9    0   38    0  -58    0   39    0  -11    0    1   |  0.000  -4.222  -1.526  -0.672  -0.282  -0.091
0    0   -9    0   41    0  -62    0   40    0  -11    0    1   |  0.000  -4.556  -1.512  -0.645  -0.275  -0.091
1    0  -17    0   53    0  -68    0   41    0  -11    0    1   |-17.000  -3.118  -1.283  -0.603  -0.268  -0.091
0    0    0    0    0    0  -19    0   30    0  -11    0    1   |  0.000   0.000   0.000  -1.579  -0.367  -0.091
0    0    0    0    0    0  -24    0   30    0  -11    0    1   |  0.000   0.000   0.000  -1.250  -0.367  -0.091
0    0    0    0    0    0  -27    0   34    0  -11    0    1   |  0.000   0.000   0.000  -1.259  -0.324  -0.091
0    0    0    0    0    0  -28    0   34    0  -11    0    1   |  0.000   0.000   0.000  -1.214  -0.324  -0.091
0    0    0    0    0    0  -31    0   34    0  -11    0    1   |  0.000   0.000   0.000  -1.097  -0.324  -0.091
0    0    0    0    0    0  -31    0   36    0  -11    0    1   |  0.000   0.000   0.000  -1.161  -0.306  -0.091
0    0    0    0    0    0  -33    0   36    0  -11    0    1   |  0.000   0.000   0.000  -1.091  -0.306  -0.091
0    0    0    0    0    0  -34    0   36    0  -11    0    1   |  0.000   0.000   0.000  -1.059  -0.306  -0.091
0    0    0    0    0    0  -37    0   37    0  -11    0    1   |  0.000   0.000   0.000  -1.000  -0.297  -0.091
0    0    0    0    0    0  -39    0   37    0  -11    0    1   |  0.000   0.000   0.000  -0.949  -0.297  -0.091
0    0    0    0    0    0  -40    0   38    0  -11    0    1   |  0.000   0.000   0.000  -0.950  -0.289  -0.091
0    0    0    0    0    0  -41    0   38    0  -11    0    1   |  0.000   0.000   0.000  -0.927  -0.289  -0.091
0    0    0    0    5    0  -24    0   30    0  -11    0    1   |  0.000   0.000  -4.800  -1.250  -0.367  -0.091
0    0    0    0    5    0  -28    0   34    0  -11    0    1   |  0.000   0.000  -5.600  -1.214  -0.324  -0.091
0    0    0    0    9    0  -32    0   34    0  -11    0    1   |  0.000   0.000  -3.556  -1.063  -0.324  -0.091
0    0    0    0    8    0  -31    0   34    0  -11    0    1   |  0.000   0.000  -3.875  -1.097  -0.324  -0.091
0    0    0    0    8    0  -33    0   36    0  -11    0    1   |  0.000   0.000  -4.125  -1.091  -0.306  -0.091
0    0    0    0   11    0  -36    0   36    0  -11    0    1   |  0.000   0.000  -3.273  -1.000  -0.306  -0.091
0    0    0    0    9    0  -34    0   36    0  -11    0    1   |  0.000   0.000  -3.778  -1.059  -0.306  -0.091
0    0    0    0    5    0  -32    0   34    0  -11    0    1   |  0.000   0.000  -6.400  -1.063  -0.324  -0.091
0    0    0    0    9    0  -36    0   34    0  -11    0    1   |  0.000   0.000  -4.000  -0.944  -0.324  -0.091
0    0    0    0    8    0  -35    0   34    0  -11    0    1   |  0.000   0.000  -4.375  -0.971  -0.324  -0.091
0    0    0    0    8    0  -40    0   37    0  -11    0    1   |  0.000   0.000  -5.000  -0.925  -0.297  -0.091
0    0    0    0    8    0  -39    0   36    0  -11    0    1   |  0.000   0.000  -4.875  -0.923  -0.306  -0.091
0    0    0    0   11    0  -43    0   37    0  -11    0    1   |  0.000   0.000  -3.909  -0.860  -0.297  -0.091
0    0    0    0    9    0  -40    0   36    0  -11    0    1   |  0.000   0.000  -4.444  -0.900  -0.306  -0.091
0    0    0    0    9    0  -42    0   38    0  -11    0    1   |  0.000   0.000  -4.667  -0.905  -0.289  -0.091
0    0    0    0   11    0  -44    0   38    0  -11    0    1   |  0.000   0.000  -4.000  -0.864  -0.289  -0.091
0    0    0    0   12    0  -36    0   34    0  -11    0    1   |  0.000   0.000  -3.000  -0.944  -0.324  -0.091
0    0    0    0   16    0  -42    0   35    0  -11    0    1   |  0.000   0.000  -2.625  -0.833  -0.314  -0.091
0    0    0    0   12    0  -42    0   37    0  -11    0    1   |  0.000   0.000  -3.500  -0.881  -0.297  -0.091
0    0    0    0   13    0  -45    0   38    0  -11    0    1   |  0.000   0.000  -3.462  -0.844  -0.289  -0.091
0    0    0    0   12    0  -41    0   37    0  -11    0    1   |  0.000   0.000  -3.417  -0.902  -0.297  -0.091
0    0    0    0   14    0  -44    0   37    0  -11    0    1   |  0.000   0.000  -3.143  -0.841  -0.297  -0.091
0    0    0    0   14    0  -43    0   37    0  -11    0    1   |  0.000   0.000  -3.071  -0.860  -0.297  -0.091
0    0    0    0   12    0  -42    0   37    0  -11    0    1   |  0.000   0.000  -3.500  -0.881  -0.297  -0.091
0    0    0    0   14    0  -42    0   36    0  -11    0    1   |  0.000   0.000  -3.000  -0.857  -0.306  -0.091
0    0    0    0   15    0  -43    0   37    0  -11    0    1   |  0.000   0.000  -2.867  -0.860  -0.297  -0.091
0    0    0    0   15    0  -42    0   36    0  -11    0    1   |  0.000   0.000  -2.800  -0.857  -0.306  -0.091
0    0    0    0   19    0  -49    0   38    0  -11    0    1   |  0.000   0.000  -2.579  -0.776  -0.289  -0.091
0    0    0    0    9    0  -39    0   37    0  -11    0    1   |  0.000   0.000  -4.333  -0.949  -0.297  -0.091
0    0    0    0    8    0  -38    0   37    0  -11    0    1   |  0.000   0.000  -4.750  -0.974  -0.297  -0.091
0    0    0    0   14    0  -41    0   37    0  -11    0    1   |  0.000   0.000  -2.929  -0.902  -0.297  -0.091
0    0    0    0   15    0  -46    0   38    0  -11    0    1   |  0.000   0.000  -3.067  -0.826  -0.289  -0.091
0    0    0    0   14    0  -44    0   38    0  -11    0    1   |  0.000   0.000  -3.143  -0.864  -0.289  -0.091
0    0    0    0   18    0  -50    0   39    0  -11    0    1   |  0.000   0.000  -2.778  -0.780  -0.282  -0.091
0    0    0    0   12    0  -43    0   38    0  -11    0    1   |  0.000   0.000  -3.583  -0.884  -0.289  -0.091
0    0    0    0   15    0  -44    0   38    0  -11    0    1   |  0.000   0.000  -2.933  -0.864  -0.289  -0.091
0    0    0    0   16    0  -45    0   38    0  -11    0    1   |  0.000   0.000  -2.813  -0.844  -0.289  -0.091
0    0    0    0   14    0  -48    0   39    0  -11    0    1   |  0.000   0.000  -3.429  -0.813  -0.282  -0.091
0    0    0    0   15    0  -49    0   39    0  -11    0    1   |  0.000   0.000  -3.267  -0.796  -0.282  -0.091
0    0    0    0   17    0  -53    0   40    0  -11    0    1   |  0.000   0.000  -3.118  -0.755  -0.275  -0.091
0    0    0    0   16    0  -50    0   39    0  -11    0    1   |  0.000   0.000  -3.125  -0.780  -0.282  -0.091
0    0    0    0   15    0  -46    0   38    0  -11    0    1   |  0.000   0.000  -3.067  -0.826  -0.289  -0.091
0    0    0    0   12    0  -45    0   38    0  -11    0    1   |  0.000   0.000  -3.750  -0.844  -0.289  -0.091
0    0    0    0   16    0  -47    0   38    0  -11    0    1   |  0.000   0.000  -2.938  -0.809  -0.289  -0.091
0    0    0    0   21    0  -55    0   40    0  -11    0    1   |  0.000   0.000  -2.619  -0.727  -0.275  -0.091
0    0    0    0   17    0  -48    0   38    0  -11    0    1   |  0.000   0.000  -2.824  -0.792  -0.289  -0.091
0    0    0    0   16    0  -48    0   38    0  -11    0    1   |  0.000   0.000  -3.000  -0.792  -0.289  -0.091
0    0    0    0   23    0  -51    0   38    0  -11    0    1   |  0.000   0.000  -2.217  -0.745  -0.289  -0.091
0    0    0    0   18    0  -46    0   37    0  -11    0    1   |  0.000   0.000  -2.556  -0.804  -0.297  -0.091
0    0    0    0   23    0  -55    0   40    0  -11    0    1   |  0.000   0.000  -2.391  -0.727  -0.275  -0.091
0    0    0    0   23    0  -56    0   40    0  -11    0    1   |  0.000   0.000  -2.435  -0.714  -0.275  -0.091
0    0    0    0   21    0  -55    0   40    0  -11    0    1   |  0.000   0.000  -2.619  -0.727  -0.275  -0.091
0    0    0    0   27    0  -57    0   40    0  -11    0    1   |  0.000   0.000  -2.111  -0.702  -0.275  -0.091
0    0    0    0   18    0  -48    0   38    0  -11    0    1   |  0.000   0.000  -2.667  -0.792  -0.289  -0.091
0    0    0    0   28    0  -56    0   39    0  -11    0    1   |  0.000   0.000  -2.000  -0.696  -0.282  -0.091
0    0    0    0   24    0  -52    0   38    0  -11    0    1   |  0.000   0.000  -2.167  -0.731  -0.289  -0.091
0    0    0    0   27    0  -57    0   40    0  -11    0    1   |  0.000   0.000  -2.111  -0.702  -0.275  -0.091
0    0    0    0   28    0  -60    0   41    0  -11    0    1   |  0.000   0.000  -2.143  -0.683  -0.268  -0.091
0    0    0    0   29    0  -58    0   40    0  -11    0    1   |  0.000   0.000  -2.000  -0.690  -0.275  -0.091
0    0    0    0   20    0  -51    0   39    0  -11    0    1   |  0.000   0.000  -2.550  -0.765  -0.282  -0.091
0    0    0    0   32    0  -62    0   41    0  -11    0    1   |  0.000   0.000  -1.938  -0.661  -0.268  -0.091
0    0    0    0   26    0  -57    0   40    0  -11    0    1   |  0.000   0.000  -2.192  -0.702  -0.275  -0.091
0    0    0    0   24    0  -54    0   39    0  -11    0    1   |  0.000   0.000  -2.250  -0.722  -0.282  -0.091
0    0    0    0   20    0  -54    0   40    0  -11    0    1   |  0.000   0.000  -2.700  -0.741  -0.275  -0.091
0    0    0    0   18    0  -49    0   39    0  -11    0    1   |  0.000   0.000  -2.722  -0.796  -0.282  -0.091
0    0    0    0   20    0  -49    0   38    0  -11    0    1   |  0.000   0.000  -2.450  -0.776  -0.289  -0.091
0    0    0    0   20    0  -50    0   39    0  -11    0    1   |  0.000   0.000  -2.500  -0.780  -0.282  -0.091
0    0    0    0   33    0  -65    0   42    0  -11    0    1   |  0.000   0.000  -1.970  -0.646  -0.262  -0.091
0    0    0    0   24    0  -59    0   41    0  -11    0    1   |  0.000   0.000  -2.458  -0.695  -0.268  -0.091
0    0   -3    0   20    0  -42    0   35    0  -11    0    1   |  0.000  -6.667  -2.100  -0.833  -0.314  -0.091
0    0    0    0   17    0  -45    0   38    0  -11    0    1   |  0.000   0.000  -2.647  -0.844  -0.289  -0.091
0    0   -3    0   21    0  -45    0   37    0  -11    0    1   |  0.000  -7.000  -2.143  -0.822  -0.297  -0.091
0    0   -3    0   23    0  -48    0   38    0  -11    0    1   |  0.000  -7.667  -2.087  -0.792  -0.289  -0.091
0    0   -5    0   27    0  -50    0   38    0  -11    0    1   |  0.000  -5.400  -1.852  -0.760  -0.289  -0.091
0    0   -4    0   25    0  -49    0   38    0  -11    0    1   |  0.000  -6.250  -1.960  -0.776  -0.289  -0.091
0    0   -4    0   24    0  -48    0   38    0  -11    0    1   |  0.000  -6.000  -2.000  -0.792  -0.289  -0.091
0    0   -5    0   28    0  -52    0   39    0  -11    0    1   |  0.000  -5.600  -1.857  -0.750  -0.282  -0.091
0    0   -3    0   24    0  -50    0   39    0  -11    0    1   |  0.000  -8.000  -2.083  -0.780  -0.282  -0.091
0    0   -3    0   21    0  -47    0   37    0  -11    0    1   |  0.000  -7.000  -2.238  -0.787  -0.297  -0.091
0    0   -3    0   25    0  -51    0   38    0  -11    0    1   |  0.000  -8.333  -2.040  -0.745  -0.289  -0.091
0    0   -5    0   29    0  -53    0   38    0  -11    0    1   |  0.000  -5.800  -1.828  -0.717  -0.289  -0.091
0    0   -4    0   27    0  -52    0   38    0  -11    0    1   |  0.000  -6.750  -1.926  -0.731  -0.289  -0.091
0    0   -3    0   23    0  -51    0   39    0  -11    0    1   |  0.000  -7.667  -2.217  -0.765  -0.282  -0.091
0    0   -3    0   25    0  -55    0   40    0  -11    0    1   |  0.000  -8.333  -2.200  -0.727  -0.275  -0.091
0    0   -3    0   27    0  -57    0   40    0  -11    0    1   |  0.000  -9.000  -2.111  -0.702  -0.275  -0.091
0    0   -3    0   27    0  -56    0   40    0  -11    0    1   |  0.000  -9.000  -2.074  -0.714  -0.275  -0.091
0    0   -4    0   26    0  -53    0   39    0  -11    0    1   |  0.000  -6.500  -2.038  -0.736  -0.282  -0.091
0    0   -4    0   30    0  -58    0   40    0  -11    0    1   |  0.000  -7.500  -1.933  -0.690  -0.275  -0.091
0    0   -4    0   29    0  -57    0   40    0  -11    0    1   |  0.000  -7.250  -1.966  -0.702  -0.275  -0.091
0    0   -5    0   31    0  -58    0   40    0  -11    0    1   |  0.000  -6.200  -1.871  -0.690  -0.275  -0.091
0    0   -3    0   26    0  -54    0   39    0  -11    0    1   |  0.000  -8.667  -2.077  -0.722  -0.282  -0.091
0    0   -6    0   31    0  -53    0   38    0  -11    0    1   |  0.000  -5.167  -1.710  -0.717  -0.289  -0.091
0    0   -8    0   38    0  -59    0   39    0  -11    0    1   |  0.000  -4.750  -1.553  -0.661  -0.282  -0.091
0    0   -3    0   29    0  -57    0   40    0  -11    0    1   |  0.000  -9.667  -1.966  -0.702  -0.275  -0.091
0    0   -3    0   29    0  -56    0   40    0  -11    0    1   |  0.000  -9.667  -1.931  -0.714  -0.275  -0.091
0    0   -4    0   27    0  -53    0   39    0  -11    0    1   |  0.000  -6.750  -1.963  -0.736  -0.282  -0.091
0    0   -4    0   31    0  -57    0   40    0  -11    0    1   |  0.000  -7.750  -1.839  -0.702  -0.275  -0.091
0    0   -7    0   35    0  -59    0   40    0  -11    0    1   |  0.000  -5.000  -1.686  -0.678  -0.275  -0.091
0    0   -6    0   34    0  -59    0   40    0  -11    0    1   |  0.000  -5.667  -1.735  -0.678  -0.275  -0.091
0    0   -6    0   33    0  -58    0   40    0  -11    0    1   |  0.000  -5.500  -1.758  -0.690  -0.275  -0.091
0    0   -4    0   30    0  -57    0   40    0  -11    0    1   |  0.000  -7.500  -1.900  -0.702  -0.275  -0.091
0    0   -6    0   32    0  -56    0   39    0  -11    0    1   |  0.000  -5.333  -1.750  -0.696  -0.282  -0.091
0    0   -5    0   33    0  -58    0   40    0  -11    0    1   |  0.000  -6.600  -1.758  -0.690  -0.275  -0.091
0    0   -5    0   32    0  -56    0   39    0  -11    0    1   |  0.000  -6.400  -1.750  -0.696  -0.282  -0.091
0    0   -7    0   40    0  -64    0   41    0  -11    0    1   |  0.000  -5.714  -1.600  -0.641  -0.268  -0.091
0    0    0    0   25    0  -55    0   40    0  -11    0    1   |  0.000   0.000  -2.200  -0.727  -0.275  -0.091
0    0    0    0   23    0  -54    0   40    0  -11    0    1   |  0.000   0.000  -2.348  -0.741  -0.275  -0.091
0    0   -4    0   26    0  -52    0   39    0  -11    0    1   |  0.000  -6.500  -2.000  -0.750  -0.282  -0.091
0    0   -4    0   29    0  -56    0   40    0  -11    0    1   |  0.000  -7.250  -1.931  -0.714  -0.275  -0.091
0    0   -4    0   25    0  -50    0   38    0  -11    0    1   |  0.000  -6.250  -2.000  -0.760  -0.289  -0.091
0    0   -6    0   33    0  -57    0   40    0  -11    0    1   |  0.000  -5.500  -1.727  -0.702  -0.275  -0.091
0    0   -4    0   33    0  -59    0   40    0  -11    0    1   |  0.000  -8.250  -1.788  -0.678  -0.275  -0.091
0    0   -8    0   42    0  -65    0   41    0  -11    0    1   |  0.000  -5.250  -1.548  -0.631  -0.268  -0.091
0    0   -6    0   35    0  -60    0   40    0  -11    0    1   |  0.000  -5.833  -1.714  -0.667  -0.275  -0.091
0    0   -4    0   32    0  -59    0   40    0  -11    0    1   |  0.000  -8.000  -1.844  -0.678  -0.275  -0.091
0    0   -4    0   32    0  -61    0   41    0  -11    0    1   |  0.000  -8.000  -1.906  -0.672  -0.268  -0.091
0    0   -4    0   31    0  -61    0   41    0  -11    0    1   |  0.000  -7.750  -1.968  -0.672  -0.268  -0.091
0    0   -7    0   37    0  -60    0   40    0  -11    0    1   |  0.000  -5.286  -1.622  -0.667  -0.275  -0.091
0    0   -8    0   40    0  -64    0   41    0  -11    0    1   |  0.000  -5.000  -1.600  -0.641  -0.268  -0.091
0    0  -11    0   46    0  -66    0   41    0  -11    0    1   |  0.000  -4.182  -1.435  -0.621  -0.268  -0.091
0    0   -6    0   36    0  -60    0   40    0  -11    0    1   |  0.000  -6.000  -1.667  -0.667  -0.275  -0.091
0    0   -8    0   40    0  -63    0   41    0  -11    0    1   |  0.000  -5.000  -1.575  -0.651  -0.268  -0.091
0    0   -7    0   41    0  -67    0   42    0  -11    0    1   |  0.000  -5.857  -1.634  -0.627  -0.262  -0.091
0    0  -12    0   52    0  -71    0   42    0  -11    0    1   |  0.000  -4.333  -1.365  -0.592  -0.262  -0.091
0    0   -8    0   44    0  -66    0   41    0  -11    0    1   |  0.000  -5.500  -1.500  -0.621  -0.268  -0.091
0    0   -4    0   34    0  -62    0   41    0  -11    0    1   |  0.000  -8.500  -1.824  -0.661  -0.268  -0.091
0    0   -4    0   32    0  -61    0   41    0  -11    0    1   |  0.000  -8.000  -1.906  -0.672  -0.268  -0.091
0    0    0    0   28    0  -60    0   41    0  -11    0    1   |  0.000   0.000  -2.143  -0.683  -0.268  -0.091
0    0    0    0   31    0  -61    0   41    0  -11    0    1   |  0.000   0.000  -1.968  -0.672  -0.268  -0.091
0    0   -4    0   28    0  -56    0   40    0  -11    0    1   |  0.000  -7.000  -2.000  -0.714  -0.275  -0.091
0    0   -4    0   34    0  -61    0   41    0  -11    0    1   |  0.000  -8.500  -1.794  -0.672  -0.268  -0.091
0    0   -8    0   44    0  -68    0   42    0  -11    0    1   |  0.000  -5.500  -1.545  -0.618  -0.262  -0.091
0    0  -15    0   53    0  -70    0   42    0  -11    0    1   |  0.000  -3.533  -1.321  -0.600  -0.262  -0.091
0    0  -16    0   58    0  -75    0   43    0  -11    0    1   |  0.000  -3.625  -1.293  -0.573  -0.256  -0.091
0    0  -10    0   47    0  -69    0   42    0  -11    0    1   |  0.000  -4.700  -1.468  -0.609  -0.262  -0.091
0    0    0    0   32    0  -62    0   41    0  -11    0    1   |  0.000   0.000  -1.938  -0.661  -0.268  -0.091
1    0  -12    0   41    0  -59    0   39    0  -11    0    1   |-12.000  -3.417  -1.439  -0.661  -0.282  -0.091
0    0   -8    0   37    0  -59    0   40    0  -11    0    1   |  0.000  -4.625  -1.595  -0.678  -0.275  -0.091
1    0  -11    0   40    0  -60    0   40    0  -11    0    1   |-11.000  -3.636  -1.500  -0.667  -0.275  -0.091
1    0  -13    0   45    0  -64    0   41    0  -11    0    1   |-13.000  -3.462  -1.422  -0.641  -0.268  -0.091
1    0  -14    0   47    0  -65    0   41    0  -11    0    1   |-14.000  -3.357  -1.383  -0.631  -0.268  -0.091
0    0  -11    0   44    0  -64    0   41    0  -11    0    1   |  0.000  -4.000  -1.455  -0.641  -0.268  -0.091
1    0  -11    0   40    0  -61    0   40    0  -11    0    1   |-11.000  -3.636  -1.525  -0.656  -0.275  -0.091
1    0  -13    0   47    0  -66    0   41    0  -11    0    1   |-13.000  -3.615  -1.404  -0.621  -0.268  -0.091
1    0  -14    0   49    0  -67    0   41    0  -11    0    1   |-14.000  -3.500  -1.367  -0.612  -0.268  -0.091
0    0  -11    0   46    0  -66    0   41    0  -11    0    1   |  0.000  -4.182  -1.435  -0.621  -0.268  -0.091
0    0   -8    0   39    0  -63    0   41    0  -11    0    1   |  0.000  -4.875  -1.615  -0.651  -0.268  -0.091
0    0   -9    0   45    0  -68    0   42    0  -11    0    1   |  0.000  -5.000  -1.511  -0.618  -0.262  -0.091
0    0  -14    0   50    0  -67    0   41    0  -11    0    1   |  0.000  -3.571  -1.340  -0.612  -0.268  -0.091
0    0   -7    0   39    0  -63    0   41    0  -11    0    1   |  0.000  -5.571  -1.615  -0.651  -0.268  -0.091
0    0  -11    0   47    0  -68    0   42    0  -11    0    1   |  0.000  -4.273  -1.447  -0.618  -0.262  -0.091
1    0  -13    0   48    0  -69    0   42    0  -11    0    1   |-13.000  -3.692  -1.438  -0.609  -0.262  -0.091
0    0   -7    0   37    0  -63    0   41    0  -11    0    1   |  0.000  -5.286  -1.703  -0.651  -0.268  -0.091
0    0   -9    0   47    0  -69    0   42    0  -11    0    1   |  0.000  -5.222  -1.468  -0.609  -0.262  -0.091
1    0  -15    0   52    0  -70    0   42    0  -11    0    1   |-15.000  -3.467  -1.346  -0.600  -0.262  -0.091
0    0    0    0    5    0  -34    0   35    0  -11    0    1   |  0.000   0.000  -6.800  -1.029  -0.314  -0.091
0    0    0    0    9    0  -38    0   35    0  -11    0    1   |  0.000   0.000  -4.222  -0.921  -0.314  -0.091
0    0    0    0    9    0  -44    0   38    0  -11    0    1   |  0.000   0.000  -4.889  -0.864  -0.289  -0.091
0    0    0    0    8    0  -43    0   38    0  -11    0    1   |  0.000   0.000  -5.375  -0.884  -0.289  -0.091
0    0    0    0   11    0  -46    0   38    0  -11    0    1   |  0.000   0.000  -4.182  -0.826  -0.289  -0.091
0    0    0    0    9    0  -46    0   39    0  -11    0    1   |  0.000   0.000  -5.111  -0.848  -0.282  -0.091
0    0    0    0   11    0  -48    0   39    0  -11    0    1   |  0.000   0.000  -4.364  -0.813  -0.282  -0.091
0    0    0    0   13    0  -38    0   35    0  -11    0    1   |  0.000   0.000  -2.923  -0.921  -0.314  -0.091
0    0    0    0   13    0  -44    0   38    0  -11    0    1   |  0.000   0.000  -3.385  -0.864  -0.289  -0.091
0    0    0    0   12    0  -44    0   38    0  -11    0    1   |  0.000   0.000  -3.667  -0.864  -0.289  -0.091
0    0    0    0   16    0  -47    0   38    0  -11    0    1   |  0.000   0.000  -2.938  -0.809  -0.289  -0.091
0    0    0    0   14    0  -46    0   38    0  -11    0    1   |  0.000   0.000  -3.286  -0.826  -0.289  -0.091
0    0    0    0   17    0  -46    0   38    0  -11    0    1   |  0.000   0.000  -2.706  -0.826  -0.289  -0.091
0    0    0    0   18    0  -47    0   38    0  -11    0    1   |  0.000   0.000  -2.611  -0.809  -0.289  -0.091
0    0    0    0   15    0  -48    0   39    0  -11    0    1   |  0.000   0.000  -3.200  -0.813  -0.282  -0.091
0    0    0    0   17    0  -48    0   39    0  -11    0    1   |  0.000   0.000  -2.824  -0.813  -0.282  -0.091
0    0    0    0   19    0  -50    0   39    0  -11    0    1   |  0.000   0.000  -2.632  -0.780  -0.282  -0.091
0    0    0    0   14    0  -52    0   40    0  -11    0    1   |  0.000   0.000  -3.714  -0.769  -0.275  -0.091
0    0    0    0   18    0  -53    0   40    0  -11    0    1   |  0.000   0.000  -2.944  -0.755  -0.275  -0.091
0    0    0    0   15    0  -52    0   40    0  -11    0    1   |  0.000   0.000  -3.467  -0.769  -0.275  -0.091
0    0    0    0   19    0  -54    0   40    0  -11    0    1   |  0.000   0.000  -2.842  -0.741  -0.275  -0.091
0    0    0    0   16    0  -53    0   40    0  -11    0    1   |  0.000   0.000  -3.313  -0.755  -0.275  -0.091
0    0    0    0   21    0  -54    0   40    0  -11    0    1   |  0.000   0.000  -2.571  -0.741  -0.275  -0.091
0    0    0    0   16    0  -47    0   38    0  -11    0    1   |  0.000   0.000  -2.938  -0.809  -0.289  -0.091
0    0    0    0   21    0  -50    0   38    0  -11    0    1   |  0.000   0.000  -2.381  -0.760  -0.289  -0.091
0    0    0    0   20    0  -49    0   38    0  -11    0    1   |  0.000   0.000  -2.450  -0.776  -0.289  -0.091
0    0    0    0   21    0  -54    0   40    0  -11    0    1   |  0.000   0.000  -2.571  -0.741  -0.275  -0.091
0    0    0    0   24    0  -56    0   40    0  -11    0    1   |  0.000   0.000  -2.333  -0.714  -0.275  -0.091
0    0    0    0   21    0  -52    0   39    0  -11    0    1   |  0.000   0.000  -2.476  -0.750  -0.282  -0.091
0    0    0    0   24    0  -55    0   40    0  -11    0    1   |  0.000   0.000  -2.292  -0.727  -0.275  -0.091
0    0    0    0   25    0  -56    0   40    0  -11    0    1   |  0.000   0.000  -2.240  -0.714  -0.275  -0.091
0    0    0    0   24    0  -55    0   40    0  -11    0    1   |  0.000   0.000  -2.292  -0.727  -0.275  -0.091
0    0    0    0   26    0  -56    0   40    0  -11    0    1   |  0.000   0.000  -2.154  -0.714  -0.275  -0.091
0    0    0    0   25    0  -54    0   39    0  -11    0    1   |  0.000   0.000  -2.160  -0.722  -0.282  -0.091
0    0    0    0   21    0  -54    0   40    0  -11    0    1   |  0.000   0.000  -2.571  -0.741  -0.275  -0.091
0    0    0    0   20    0  -53    0   40    0  -11    0    1   |  0.000   0.000  -2.650  -0.755  -0.275  -0.091
0    0    0    0   24    0  -55    0   40    0  -11    0    1   |  0.000   0.000  -2.292  -0.727  -0.275  -0.091
0    0    0    0   25    0  -59    0   41    0  -11    0    1   |  0.000   0.000  -2.360  -0.695  -0.268  -0.091
0    0    0    0   26    0  -59    0   41    0  -11    0    1   |  0.000   0.000  -2.269  -0.695  -0.268  -0.091
0    0   -3    0   22    0  -47    0   38    0  -11    0    1   |  0.000  -7.333  -2.136  -0.809  -0.289  -0.091
0    0   -4    0   25    0  -50    0   39    0  -11    0    1   |  0.000  -6.250  -2.000  -0.780  -0.282  -0.091
0    0   -3    0   22    0  -50    0   38    0  -11    0    1   |  0.000  -7.333  -2.273  -0.760  -0.289  -0.091
0    0   -3    0   24    0  -50    0   38    0  -11    0    1   |  0.000  -8.000  -2.083  -0.760  -0.289  -0.091
0    0   -5    0   31    0  -56    0   39    0  -11    0    1   |  0.000  -6.200  -1.806  -0.696  -0.282  -0.091
0    0   -3    0   24    0  -54    0   40    0  -11    0    1   |  0.000  -8.000  -2.250  -0.741  -0.275  -0.091
0    0   -3    0   26    0  -55    0   40    0  -11    0    1   |  0.000  -8.667  -2.115  -0.727  -0.275  -0.091
0    0   -3    0   26    0  -56    0   40    0  -11    0    1   |  0.000  -8.667  -2.154  -0.714  -0.275  -0.091
0    0   -3    0   29    0  -60    0   41    0  -11    0    1   |  0.000  -9.667  -2.069  -0.683  -0.268  -0.091
0    0   -4    0   28    0  -57    0   40    0  -11    0    1   |  0.000  -7.000  -2.036  -0.702  -0.275  -0.091
0    0   -5    0   30    0  -57    0   40    0  -11    0    1   |  0.000  -6.000  -1.900  -0.702  -0.275  -0.091
0    0   -4    0   27    0  -56    0   40    0  -11    0    1   |  0.000  -6.750  -2.074  -0.714  -0.275  -0.091
0    0   -4    0   28    0  -56    0   40    0  -11    0    1   |  0.000  -7.000  -2.000  -0.714  -0.275  -0.091
0    0   -4    0   27    0  -54    0   39    0  -11    0    1   |  0.000  -6.750  -2.000  -0.722  -0.282  -0.091
0    0   -5    0   34    0  -62    0   41    0  -11    0    1   |  0.000  -6.800  -1.824  -0.661  -0.268  -0.091
0    0   -7    0   34    0  -56    0   39    0  -11    0    1   |  0.000  -4.857  -1.647  -0.696  -0.282  -0.091
0    0   -3    0   32    0  -60    0   41    0  -11    0    1   |  0.000 -10.667  -1.875  -0.683  -0.268  -0.091
0    0   -3    0   31    0  -60    0   41    0  -11    0    1   |  0.000 -10.333  -1.935  -0.683  -0.268  -0.091
0    0   -5    0   32    0  -58    0   40    0  -11    0    1   |  0.000  -6.400  -1.813  -0.690  -0.275  -0.091
0    0   -5    0   36    0  -62    0   41    0  -11    0    1   |  0.000  -7.200  -1.722  -0.661  -0.268  -0.091
0    0   -4    0   29    0  -56    0   40    0  -11    0    1   |  0.000  -7.250  -1.931  -0.714  -0.275  -0.091
0    0   -6    0   33    0  -58    0   40    0  -11    0    1   |  0.000  -5.500  -1.758  -0.690  -0.275  -0.091
0    0   -7    0   37    0  -62    0   41    0  -11    0    1   |  0.000  -5.286  -1.676  -0.661  -0.268  -0.091
0    0   -6    0   32    0  -57    0   40    0  -11    0    1   |  0.000  -5.333  -1.781  -0.702  -0.275  -0.091
0    0   -8    0   39    0  -63    0   41    0  -11    0    1   |  0.000  -4.875  -1.615  -0.651  -0.268  -0.091
0    0   -6    0   36    0  -62    0   41    0  -11    0    1   |  0.000  -6.000  -1.722  -0.661  -0.268  -0.091
0    0   -7    0   38    0  -62    0   41    0  -11    0    1   |  0.000  -5.429  -1.632  -0.661  -0.268  -0.091
0    0   -8    0   40    0  -63    0   41    0  -11    0    1   |  0.000  -5.000  -1.575  -0.651  -0.268  -0.091
0    0   -5    0   30    0  -56    0   40    0  -11    0    1   |  0.000  -6.000  -1.867  -0.714  -0.275  -0.091
0    0   -4    0   28    0  -55    0   40    0  -11    0    1   |  0.000  -7.000  -1.964  -0.727  -0.275  -0.091
0    0   -7    0   39    0  -66    0   42    0  -11    0    1   |  0.000  -5.571  -1.692  -0.636  -0.262  -0.091
0    0   -4    0   35    0  -65    0   42    0  -11    0    1   |  0.000  -8.750  -1.857  -0.646  -0.262  -0.091
0    0   -5    0   39    0  -66    0   42    0  -11    0    1   |  0.000  -7.800  -1.692  -0.636  -0.262  -0.091
0    0   -3    0   33    0  -62    0   41    0  -11    0    1   |  0.000 -11.000  -1.879  -0.661  -0.268  -0.091
0    0   -3    0   34    0  -62    0   41    0  -11    0    1   |  0.000 -11.333  -1.824  -0.661  -0.268  -0.091
0    0   -5    0   39    0  -64    0   41    0  -11    0    1   |  0.000  -7.800  -1.641  -0.641  -0.268  -0.091
0    0   -4    0   31    0  -58    0   40    0  -11    0    1   |  0.000  -7.750  -1.871  -0.690  -0.275  -0.091
0    0   -8    0   46    0  -69    0   42    0  -11    0    1   |  0.000  -5.750  -1.500  -0.609  -0.262  -0.091
0    0   -6    0   39    0  -64    0   41    0  -11    0    1   |  0.000  -6.500  -1.641  -0.641  -0.268  -0.091
0    0   -4    0   30    0  -60    0   41    0  -11    0    1   |  0.000  -7.500  -2.000  -0.683  -0.268  -0.091
0    0   -5    0   33    0  -61    0   41    0  -11    0    1   |  0.000  -6.600  -1.848  -0.672  -0.268  -0.091
0    0   -7    0   47    0  -72    0   43    0  -11    0    1   |  0.000  -6.714  -1.532  -0.597  -0.256  -0.091
0    0   -4    0   37    0  -66    0   42    0  -11    0    1   |  0.000  -9.250  -1.784  -0.636  -0.262  -0.091
0    0   -7    0   40    0  -64    0   41    0  -11    0    1   |  0.000  -5.714  -1.600  -0.641  -0.268  -0.091
0    0   -6    0   34    0  -59    0   40    0  -11    0    1   |  0.000  -5.667  -1.735  -0.678  -0.275  -0.091
0    0   -9    0   41    0  -64    0   41    0  -11    0    1   |  0.000  -4.556  -1.561  -0.641  -0.268  -0.091
0    0   -9    0   43    0  -65    0   41    0  -11    0    1   |  0.000  -4.778  -1.512  -0.631  -0.268  -0.091
0    0   -8    0   41    0  -64    0   41    0  -11    0    1   |  0.000  -5.125  -1.561  -0.641  -0.268  -0.091
0    0   -6    0   36    0  -62    0   41    0  -11    0    1   |  0.000  -6.000  -1.722  -0.661  -0.268  -0.091
0    0   -6    0   41    0  -67    0   42    0  -11    0    1   |  0.000  -6.833  -1.634  -0.627  -0.262  -0.091
0    0   -8    0   43    0  -67    0   42    0  -11    0    1   |  0.000  -5.375  -1.558  -0.627  -0.262  -0.091
0    0   -6    0   34    0  -61    0   41    0  -11    0    1   |  0.000  -5.667  -1.794  -0.672  -0.268  -0.091
0    0  -12    0   52    0  -73    0   43    0  -11    0    1   |  0.000  -4.333  -1.404  -0.589  -0.256  -0.091
0    0   -8    0   48    0  -72    0   43    0  -11    0    1   |  0.000  -6.000  -1.500  -0.597  -0.256  -0.091
0    0   -8    0   42    0  -67    0   42    0  -11    0    1   |  0.000  -5.250  -1.595  -0.627  -0.262  -0.091
0    0   -4    0   38    0  -66    0   42    0  -11    0    1   |  0.000  -9.500  -1.737  -0.636  -0.262  -0.091
0    0   -5    0   41    0  -67    0   42    0  -11    0    1   |  0.000  -8.200  -1.634  -0.627  -0.262  -0.091
0    0   -4    0   39    0  -66    0   42    0  -11    0    1   |  0.000  -9.750  -1.692  -0.636  -0.262  -0.091
0    0   -6    0   42    0  -67    0   42    0  -11    0    1   |  0.000  -7.000  -1.595  -0.627  -0.262  -0.091
0    0   -4    0   32    0  -60    0   41    0  -11    0    1   |  0.000  -8.000  -1.875  -0.683  -0.268  -0.091
0    0   -6    0   35    0  -61    0   41    0  -11    0    1   |  0.000  -5.833  -1.743  -0.672  -0.268  -0.091
0    0  -10    0   45    0  -68    0   42    0  -11    0    1   |  0.000  -4.500  -1.511  -0.618  -0.262  -0.091
0    0  -12    0   49    0  -69    0   42    0  -11    0    1   |  0.000  -4.083  -1.408  -0.609  -0.262  -0.091
0    0  -12    0   54    0  -74    0   43    0  -11    0    1   |  0.000  -4.500  -1.370  -0.581  -0.256  -0.091
0    0   -6    0   43    0  -68    0   42    0  -11    0    1   |  0.000  -7.167  -1.581  -0.618  -0.262  -0.091
0    0   -4    0   40    0  -67    0   42    0  -11    0    1   |  0.000 -10.000  -1.675  -0.627  -0.262  -0.091
0    0   -9    0   40    0  -62    0   41    0  -11    0    1   |  0.000  -4.444  -1.550  -0.661  -0.268  -0.091
1    0  -12    0   43    0  -63    0   41    0  -11    0    1   |-12.000  -3.583  -1.465  -0.651  -0.268  -0.091
1    0  -12    0   44    0  -65    0   41    0  -11    0    1   |-12.000  -3.667  -1.477  -0.631  -0.268  -0.091
1    0  -12    0   45    0  -65    0   41    0  -11    0    1   |-12.000  -3.750  -1.444  -0.631  -0.268  -0.091
1    0  -16    0   54    0  -71    0   42    0  -11    0    1   |-16.000  -3.375  -1.315  -0.592  -0.262  -0.091
1    0  -11    0   41    0  -63    0   41    0  -11    0    1   |-11.000  -3.727  -1.537  -0.651  -0.268  -0.091
1    0  -13    0   47    0  -68    0   42    0  -11    0    1   |-13.000  -3.615  -1.447  -0.618  -0.262  -0.091
0    0   -9    0   43    0  -67    0   42    0  -11    0    1   |  0.000  -4.778  -1.558  -0.627  -0.262  -0.091
0    0   -8    0   43    0  -67    0   42    0  -11    0    1   |  0.000  -5.375  -1.558  -0.627  -0.262  -0.091
1    0  -18    0   56    0  -71    0   42    0  -11    0    1   |-18.000  -3.111  -1.268  -0.592  -0.262  -0.091
0    0  -10    0   45    0  -67    0   42    0  -11    0    1   |  0.000  -4.500  -1.489  -0.627  -0.262  -0.091
1    0  -13    0   48    0  -68    0   42    0  -11    0    1   |-13.000  -3.692  -1.417  -0.618  -0.262  -0.091
0    0   -9    0   44    0  -67    0   42    0  -11    0    1   |  0.000  -4.889  -1.523  -0.627  -0.262  -0.091
1    0  -17    0   57    0  -74    0   43    0  -11    0    1   |-17.000  -3.353  -1.298  -0.581  -0.256  -0.091
0    0  -11    0   47    0  -68    0   42    0  -11    0    1   |  0.000  -4.273  -1.447  -0.618  -0.262  -0.091
1    0  -13    0   49    0  -69    0   42    0  -11    0    1   |-13.000  -3.769  -1.408  -0.609  -0.262  -0.091
1    0  -15    0   55    0  -74    0   43    0  -11    0    1   |-15.000  -3.667  -1.345  -0.581  -0.256  -0.091
0    0   -9    0   44    0  -68    0   42    0  -11    0    1   |  0.000  -4.889  -1.545  -0.618  -0.262  -0.091
1    0  -16    0   58    0  -75    0   43    0  -11    0    1   |-16.000  -3.625  -1.293  -0.573  -0.256  -0.091
0    0   -7    0   44    0  -68    0   42    0  -11    0    1   |  0.000  -6.286  -1.545  -0.618  -0.262  -0.091
1    0  -18    0   59    0  -75    0   43    0  -11    0    1   |-18.000  -3.278  -1.271  -0.573  -0.256  -0.091
0    0  -11    0   48    0  -69    0   42    0  -11    0    1   |  0.000  -4.364  -1.438  -0.609  -0.262  -0.091
1    0  -19    0   59    0  -74    0   43    0  -11    0    1   |-19.000  -3.105  -1.254  -0.581  -0.256  -0.091
0    0    0    0   17    0  -50    0   39    0  -11    0    1   |  0.000   0.000  -2.941  -0.780  -0.282  -0.091
0    0    0    0   23    0  -53    0   39    0  -11    0    1   |  0.000   0.000  -2.304  -0.736  -0.282  -0.091
0    0    0    0   23    0  -58    0   41    0  -11    0    1   |  0.000   0.000  -2.522  -0.707  -0.268  -0.091
0    0    0    0   25    0  -59    0   41    0  -11    0    1   |  0.000   0.000  -2.360  -0.695  -0.268  -0.091
0    0    0    0   27    0  -60    0   41    0  -11    0    1   |  0.000   0.000  -2.222  -0.683  -0.268  -0.091
0    0    0    0   27    0  -59    0   41    0  -11    0    1   |  0.000   0.000  -2.185  -0.695  -0.268  -0.091
0    0    0    0   29    0  -60    0   41    0  -11    0    1   |  0.000   0.000  -2.069  -0.683  -0.268  -0.091
0    0    0    0   31    0  -61    0   41    0  -11    0    1   |  0.000   0.000  -1.968  -0.672  -0.268  -0.091
0    0    0    0   31    0  -64    0   42    0  -11    0    1   |  0.000   0.000  -2.065  -0.656  -0.262  -0.091
0    0    0    0   34    0  -65    0   42    0  -11    0    1   |  0.000   0.000  -1.912  -0.646  -0.262  -0.091
0    0   -3    0   23    0  -53    0   39    0  -11    0    1   |  0.000  -7.667  -2.304  -0.736  -0.282  -0.091
0    0   -3    0   26    0  -53    0   39    0  -11    0    1   |  0.000  -8.667  -2.038  -0.736  -0.282  -0.091
0    0   -3    0   28    0  -59    0   41    0  -11    0    1   |  0.000  -9.333  -2.107  -0.695  -0.268  -0.091
0    0   -3    0   27    0  -59    0   41    0  -11    0    1   |  0.000  -9.000  -2.185  -0.695  -0.268  -0.091
0    0   -5    0   32    0  -61    0   41    0  -11    0    1   |  0.000  -6.400  -1.906  -0.672  -0.268  -0.091
0    0   -4    0   29    0  -60    0   41    0  -11    0    1   |  0.000  -7.250  -2.069  -0.683  -0.268  -0.091
0    0   -5    0   33    0  -61    0   41    0  -11    0    1   |  0.000  -6.600  -1.848  -0.672  -0.268  -0.091
0    0   -4    0   31    0  -60    0   41    0  -11    0    1   |  0.000  -7.750  -1.935  -0.683  -0.268  -0.091
0    0   -5    0   34    0  -61    0   41    0  -11    0    1   |  0.000  -6.800  -1.794  -0.672  -0.268  -0.091
0    0   -7    0   36    0  -61    0   41    0  -11    0    1   |  0.000  -5.143  -1.694  -0.672  -0.268  -0.091
0    0   -6    0   35    0  -61    0   41    0  -11    0    1   |  0.000  -5.833  -1.743  -0.672  -0.268  -0.091
0    0   -6    0   36    0  -65    0   42    0  -11    0    1   |  0.000  -6.000  -1.806  -0.646  -0.262  -0.091
0    0   -4    0   32    0  -64    0   42    0  -11    0    1   |  0.000  -8.000  -2.000  -0.656  -0.262  -0.091
0    0   -8    0   40    0  -66    0   42    0  -11    0    1   |  0.000  -5.000  -1.650  -0.636  -0.262  -0.091
0    0   -5    0   36    0  -65    0   42    0  -11    0    1   |  0.000  -7.200  -1.806  -0.646  -0.262  -0.091
0    0   -3    0   32    0  -61    0   41    0  -11    0    1   |  0.000 -10.667  -1.906  -0.672  -0.268  -0.091
0    0   -5    0   37    0  -63    0   41    0  -11    0    1   |  0.000  -7.400  -1.703  -0.651  -0.268  -0.091
0    0   -4    0   35    0  -62    0   41    0  -11    0    1   |  0.000  -8.750  -1.771  -0.661  -0.268  -0.091
0    0   -6    0   39    0  -66    0   42    0  -11    0    1   |  0.000  -6.500  -1.692  -0.636  -0.262  -0.091
0    0   -4    0   36    0  -65    0   42    0  -11    0    1   |  0.000  -9.000  -1.806  -0.646  -0.262  -0.091
0    0   -5    0   38    0  -66    0   42    0  -11    0    1   |  0.000  -7.600  -1.737  -0.636  -0.262  -0.091
0    0   -7    0   38    0  -63    0   41    0  -11    0    1   |  0.000  -5.429  -1.658  -0.651  -0.268  -0.091
0    0   -6    0   37    0  -63    0   41    0  -11    0    1   |  0.000  -6.167  -1.703  -0.651  -0.268  -0.091
0    0   -8    0   39    0  -63    0   41    0  -11    0    1   |  0.000  -4.875  -1.615  -0.651  -0.268  -0.091
0    0  -11    0   48    0  -69    0   42    0  -11    0    1   |  0.000  -4.364  -1.438  -0.609  -0.262  -0.091
0    0   -6    0   39    0  -66    0   42    0  -11    0    1   |  0.000  -6.500  -1.692  -0.636  -0.262  -0.091
0    0   -7    0   40    0  -66    0   42    0  -11    0    1   |  0.000  -5.714  -1.650  -0.636  -0.262  -0.091
0    0   -9    0   48    0  -72    0   43    0  -11    0    1   |  0.000  -5.333  -1.500  -0.597  -0.256  -0.091
0    0   -9    0   43    0  -67    0   42    0  -11    0    1   |  0.000  -4.778  -1.558  -0.627  -0.262  -0.091
0    0   -8    0   41    0  -66    0   42    0  -11    0    1   |  0.000  -5.125  -1.610  -0.636  -0.262  -0.091
0    0   -6    0   40    0  -66    0   42    0  -11    0    1   |  0.000  -6.667  -1.650  -0.636  -0.262  -0.091
0    0   -8    0   43    0  -67    0   42    0  -11    0    1   |  0.000  -5.375  -1.558  -0.627  -0.262  -0.091
0    0   -9    0   49    0  -72    0   43    0  -11    0    1   |  0.000  -5.444  -1.469  -0.597  -0.256  -0.091
0    0  -11    0   52    0  -73    0   43    0  -11    0    1   |  0.000  -4.727  -1.404  -0.589  -0.256  -0.091
0    0   -8    0   42    0  -67    0   42    0  -11    0    1   |  0.000  -5.250  -1.595  -0.627  -0.262  -0.091
0    0   -9    0   45    0  -68    0   42    0  -11    0    1   |  0.000  -5.000  -1.511  -0.618  -0.262  -0.091
0    0  -16    0   62    0  -79    0   44    0  -11    0    1   |  0.000  -3.875  -1.274  -0.557  -0.250  -0.091
0    0  -10    0   51    0  -73    0   43    0  -11    0    1   |  0.000  -5.100  -1.431  -0.589  -0.256  -0.091
1    0  -13    0   48    0  -69    0   42    0  -11    0    1   |-13.000  -3.692  -1.438  -0.609  -0.262  -0.091
1    0  -14    0   50    0  -69    0   42    0  -11    0    1   |-14.000  -3.571  -1.380  -0.609  -0.262  -0.091
1    0  -12    0   45    0  -67    0   42    0  -11    0    1   |-12.000  -3.750  -1.489  -0.627  -0.262  -0.091
1    0  -15    0   53    0  -73    0   43    0  -11    0    1   |-15.000  -3.533  -1.377  -0.589  -0.256  -0.091
0    0  -11    0   49    0  -72    0   43    0  -11    0    1   |  0.000  -4.455  -1.469  -0.597  -0.256  -0.091
1    0  -14    0   53    0  -73    0   43    0  -11    0    1   |-14.000  -3.786  -1.377  -0.589  -0.256  -0.091
0    0  -11    0   50    0  -72    0   43    0  -11    0    1   |  0.000  -4.545  -1.440  -0.597  -0.256  -0.091
1    0  -15    0   54    0  -73    0   43    0  -11    0    1   |-15.000  -3.600  -1.352  -0.589  -0.256  -0.091
1    0  -16    0   55    0  -73    0   43    0  -11    0    1   |-16.000  -3.438  -1.327  -0.589  -0.256  -0.091
0    0  -14    0   54    0  -73    0   43    0  -11    0    1   |  0.000  -3.857  -1.352  -0.589  -0.256  -0.091
1    0  -12    0   46    0  -68    0   42    0  -11    0    1   |-12.000  -3.833  -1.478  -0.618  -0.262  -0.091
1    0  -17    0   62    0  -79    0   44    0  -11    0    1   |-17.000  -3.647  -1.274  -0.557  -0.250  -0.091
0    0  -11    0   51    0  -73    0   43    0  -11    0    1   |  0.000  -4.636  -1.431  -0.589  -0.256  -0.091
1    0  -14    0   55    0  -74    0   43    0  -11    0    1   |-14.000  -3.929  -1.345  -0.581  -0.256  -0.091
0    0  -11    0   52    0  -73    0   43    0  -11    0    1   |  0.000  -4.727  -1.404  -0.589  -0.256  -0.091
1    0  -16    0   56    0  -74    0   43    0  -11    0    1   |-16.000  -3.500  -1.321  -0.581  -0.256  -0.091
0    0  -14    0   55    0  -74    0   43    0  -11    0    1   |  0.000  -3.929  -1.345  -0.581  -0.256  -0.091
0    0  -15    0   56    0  -74    0   43    0  -11    0    1   |  0.000  -3.733  -1.321  -0.581  -0.256  -0.091
0    0   -3    0   35    0  -65    0   42    0  -11    0    1   |  0.000 -11.667  -1.857  -0.646  -0.262  -0.091
0    0   -5    0   41    0  -67    0   42    0  -11    0    1   |  0.000  -8.200  -1.634  -0.627  -0.262  -0.091
0    0   -4    0   41    0  -70    0   43    0  -11    0    1   |  0.000 -10.250  -1.707  -0.614  -0.256  -0.091
0    0   -5    0   44    0  -71    0   43    0  -11    0    1   |  0.000  -8.800  -1.614  -0.606  -0.256  -0.091
0    0   -6    0   45    0  -71    0   43    0  -11    0    1   |  0.000  -7.500  -1.578  -0.606  -0.256  -0.091
0    0   -7    0   45    0  -71    0   43    0  -11    0    1   |  0.000  -6.429  -1.578  -0.606  -0.256  -0.091
0    0   -8    0   48    0  -72    0   43    0  -11    0    1   |  0.000  -6.000  -1.500  -0.597  -0.256  -0.091
0    0   -7    0   41    0  -67    0   42    0  -11    0    1   |  0.000  -5.857  -1.634  -0.627  -0.262  -0.091
0    0   -9    0   43    0  -67    0   42    0  -11    0    1   |  0.000  -4.778  -1.558  -0.627  -0.262  -0.091
0    0   -8    0   45    0  -71    0   43    0  -11    0    1   |  0.000  -5.625  -1.578  -0.606  -0.256  -0.091
0    0   -9    0   46    0  -71    0   43    0  -11    0    1   |  0.000  -5.111  -1.543  -0.606  -0.256  -0.091
0    0  -11    0   49    0  -72    0   43    0  -11    0    1   |  0.000  -4.455  -1.469  -0.597  -0.256  -0.091
0    0   -9    0   49    0  -72    0   43    0  -11    0    1   |  0.000  -5.444  -1.469  -0.597  -0.256  -0.091
0    0  -11    0   50    0  -72    0   43    0  -11    0    1   |  0.000  -4.545  -1.440  -0.597  -0.256  -0.091
0    0  -10    0   49    0  -72    0   43    0  -11    0    1   |  0.000  -4.900  -1.469  -0.597  -0.256  -0.091
0    0  -12    0   52    0  -73    0   43    0  -11    0    1   |  0.000  -4.333  -1.404  -0.589  -0.256  -0.091
1    0  -14    0   51    0  -72    0   43    0  -11    0    1   |-14.000  -3.643  -1.412  -0.597  -0.256  -0.091
1    0  -13    0   50    0  -72    0   43    0  -11    0    1   |-13.000  -3.846  -1.440  -0.597  -0.256  -0.091
1    0  -13    0   52    0  -73    0   43    0  -11    0    1   |-13.000  -4.000  -1.404  -0.589  -0.256  -0.091
1    0  -14    0   53    0  -73    0   43    0  -11    0    1   |-14.000  -3.786  -1.377  -0.589  -0.256  -0.091
1    0  -18    0   63    0  -79    0   44    0  -11    0    1   |-18.000  -3.500  -1.254  -0.557  -0.250  -0.091
1    0  -19    0   63    0  -79    0   44    0  -11    0    1   |-19.000  -3.316  -1.254  -0.557  -0.250  -0.091
1    0  -20    0   64    0  -79    0   44    0  -11    0    1   |-20.000  -3.200  -1.234  -0.557  -0.250  -0.091
